164.00
138.55
117.70
84.92
84.85
35.84
48.31
38.80
12.03
27.13
68.42
14.92
23.26
31.86
17.68
11.39
43.85
3.89
31.28
13.82
17.98
36.30
25.17
13.34
25.55
22.26
26.29
34.98
21.64
14.12
36.79
18.91
51.15
28.12
11.19
30.52
23.46
29.87
4.62
60.27
5.21
17.29
44.52
35.90
37.15
11.11
5.03
21.03
19.47
28.60
12.60
25.33
31.39
32.40
34.03
36.37
32.31
23.75
28.20
30.05
39.79
20.77
22.49
44.92
37.60
29.98
31.97
25.56
39.73
15.58
13.43
7.56
36.53
26.95
13.35
12.70
20.62
51.66
50.60
13.46
41.47
37.14
38.09
91.55
28.38
13.35
17.39
25.74
36.58
33.83
24.97
21.49
13.82
41.71
14.40
14.60
23.50
33.10
22.19
30.35
17.84
59.67
19.98
24.17
13.46
33.02
14.04
28.72
18.78
39.53
43.16
24.40
26.42
10.40
53.81
53.65
22.46
16.07
21.83
11.86
29.67
21.10
14.54
43.34
15.38
20.61
33.70
48.91
43.31
18.60
32.58
19.00
18.16
16.87
31.04
34.49
27.24
13.80
17.59
26.12
11.67
32.84
39.76
25.47
46.51
6.97
31.89
33.75
20.73
36.43
35.47
24.30
34.17
47.45
6.50
13.10
30.95
33.57
36.37
37.67
67.64
22.21
11.58
22.64
11.96
20.29
11.43
20.75
22.39
31.23
34.95
48.89
15.70
35.79
25.67
46.86
45.95
3.79
50.84
25.70
26.12
35.36
28.41
47.22
43.57
50.65
8.73
21.50
11.19
5.87
48.01
0.86
0.87
29.86
31.67
9.46
5.29
25.53
39.89
8.26
23.81
30.98
27.14
35.76
20.40
26.04
70.48
23.74
27.98
13.41
8.01
20.15
13.87
34.54
33.82
29.08
18.66
15.01
8.15
13.17
23.75
35.52
17.35
36.69
10.45
46.75
13.54
17.23
21.20
27.81
9.47
8.68
18.58
46.72
18.79
26.60
20.29
22.33
5.15
28.98
23.84
24.19
26.27
32.20
18.62
6.61
21.89
32.76
26.18
39.14
35.83
12.52
57.26
20.82
25.07
32.28
29.43
14.43
41.43
37.36
16.94
21.04
14.34
9.29
15.49
36.80
35.03
23.22
20.83
31.65
23.16
36.33
29.65
54.64
17.27
34.57
52.51
36.04
27.71
12.45
27.35
36.45
26.15
32.72
29.34
14.43
18.94
7.92
54.53
6.45
47.29
34.36
25.18
22.33
33.76
4.34
14.64
4.70
24.11
46.46
18.29
5.79
51.73
20.95
47.22
61.12
9.75
18.93
29.73
28.42
16.09
36.08
47.59
36.61
19.41
27.43
14.84
51.62
11.96
30.72
54.62
10.03
16.02
11.46
41.83
58.52
27.49
37.27
30.41
23.40
32.67
18.22
40.94
23.63
19.52
30.77
45.62
10.92
14.26
40.40
20.70
17.31
4.55
42.97
49.67
26.44
33.95
42.91
36.97
19.38
17.60
23.69
23.46
12.70
12.85
63.85
31.31
21.22
17.63
18.74
32.84
27.08
10.16
32.25
33.82
21.69
15.34
9.18
38.44
14.28
8.86
18.58
15.01
24.91
11.27
21.81
20.02
27.46
21.70
53.96
20.35
22.85
41.25
5.58
9.82
2.50
36.06
37.55
12.60
15.70
41.43
49.37
33.76
25.72
10.51
16.06
7.01
36.79
27.15
6.40
24.86
17.19
14.52
44.62
52.84
36.98
25.47
48.05
27.88
24.31
25.28
29.40
12.72
36.98
15.96
15.43
25.03
40.68
30.90
26.64
31.56
16.02
16.96
7.11
8.74
16.78
29.79
34.44
30.86
29.40
32.68
30.65
19.27
39.26
22.85
28.37
29.33
41.93
28.90
16.50
23.77
31.93
19.95
14.12
27.02
26.61
45.71
27.46
13.36
29.17
47.73
38.73
12.79
27.73
62.37
21.57
22.22
29.63
41.44
0.50
75.20
20.39
41.50
15.26
7.13
43.06
14.92
14.32
22.17
35.59
12.00
23.25
28.51
9.79
38.00
33.60
34.24
21.20
42.14
11.53
53.02
29.69
7.87
40.79
49.08
18.55
20.24
19.18
19.81
31.64
52.07
11.67
46.74
6.68
21.37
11.86
32.91
14.13
33.23
16.85
7.37
8.35
36.57
27.79
42.26
61.12
17.75
39.47
15.50
5.51
41.36
39.22
14.00
