58.00
43.73
29.13
8.16
20.92
30.18
16.64
35.90
6.25
18.44
63.47
5.72
6.33
19.90
14.05
9.55
47.59
15.18
25.79
32.45
4.25
29.96
27.98
11.84
26.56
19.36
16.04
39.38
18.42
19.78
27.40
22.01
53.81
27.29
18.72
16.68
6.46
21.72
10.75
63.63
4.07
23.32
43.74
31.19
59.91
28.86
20.05
29.48
39.10
12.23
20.25
24.18
24.49
42.36
39.70
47.41
25.15
12.12
28.77
22.98
39.71
28.69
17.01
50.99
29.23
33.37
20.57
40.65
32.52
30.43
5.06
22.35
48.78
35.29
7.55
13.15
19.50
54.82
51.62
16.58
45.65
41.66
33.40
95.32
21.88
5.16
23.90
35.70
28.45
25.35
37.24
20.79
19.71
39.31
17.29
19.86
24.58
37.62
25.90
27.73
24.78
57.90
30.97
35.74
9.32
22.50
17.04
21.70
9.04
44.44
51.91
17.73
31.91
6.66
60.73
47.03
17.05
25.02
31.00
4.18
23.15
25.77
11.71
40.70
11.92
16.18
37.30
61.44
44.45
9.23
46.42
20.70
28.25
23.38
30.59
34.54
34.25
26.59
30.68
21.41
11.66
20.91
34.54
18.02
53.46
5.56
32.88
27.86
11.35
38.99
35.02
35.45
25.81
54.97
5.47
16.66
28.36
37.08
36.19
44.81
63.48
28.93
11.51
22.09
11.51
21.93
12.74
25.12
17.33
33.23
39.66
48.59
13.98
37.53
24.03
42.21
42.30
3.58
58.70
33.75
18.61
33.76
32.88
46.77
45.67
45.58
14.64
14.35
16.93
6.85
60.93
15.88
17.62
36.77
25.95
16.15
14.93
31.88
42.95
9.63
27.19
29.83
28.38
30.86
19.36
28.43
63.80
28.26
46.15
20.98
32.93
17.36
16.00
48.99
45.47
31.45
17.52
10.85
17.64
27.33
39.58
29.44
24.49
28.50
14.40
51.56
5.74
18.09
39.77
10.11
16.81
8.07
18.57
51.70
15.10
17.16
26.64
25.09
26.70
45.22
7.07
45.47
34.80
14.24
36.16
24.15
34.71
49.23
21.49
51.36
41.79
12.31
57.60
20.67
24.05
25.62
22.00
10.51
42.05
33.15
19.06
26.33
8.58
7.38
18.63
41.79
30.10
27.18
19.58
19.15
25.53
41.89
45.75
59.23
8.13
23.67
58.33
32.02
29.12
11.89
31.58
43.56
26.54
25.88
25.41
10.71
26.93
13.70
62.08
3.64
41.25
29.64
30.45
17.87
30.98
8.59
20.79
11.79
15.70
53.53
11.57
9.01
52.23
19.19
46.61
53.13
21.89
29.52
37.55
11.74
30.70
51.40
58.88
21.70
9.38
40.18
20.70
58.67
10.29
28.88
57.08
10.99
23.68
16.35
35.07
60.92
14.14
39.67
42.13
15.53
38.72
24.26
37.23
19.22
21.92
36.78
50.37
12.99
13.86
42.90
13.90
21.63
6.58
48.77
43.71
21.33
26.82
48.95
45.52
22.00
11.79
24.89
29.63
17.44
13.22
58.35
33.86
24.00
13.72
25.98
43.37
22.11
1.96
28.37
44.45
33.89
19.63
7.13
35.79
19.38
14.06
10.28
14.45
26.71
10.85
18.55
17.46
36.85
33.41
40.94
35.10
32.94
48.57
20.02
22.98
16.31
23.15
29.49
22.96
26.10
31.94
54.03
45.45
34.58
22.14
4.87
18.85
36.71
21.76
9.04
17.15
16.45
9.33
49.21
63.51
36.45
24.56
37.91
37.44
31.81
23.72
39.29
12.56
39.21
6.21
19.78
15.88
46.89
39.58
18.78
25.75
20.96
13.94
12.78
13.60
23.36
36.12
24.05
39.11
26.17
40.37
33.11
7.63
48.89
15.27
21.95
31.09
51.37
23.53
23.89
10.26
43.84
10.12
14.43
19.83
33.19
51.74
21.39
19.00
23.00
53.24
32.80
10.34
18.84
72.38
10.25
33.09
27.55
51.61
8.69
68.46
23.17
37.20
8.66
17.69
47.30
31.81
33.37
42.31
27.74
29.68
34.92
17.79
10.62
35.81
37.83
42.28
16.10
32.99
8.40
42.89
42.22
20.66
33.93
57.87
28.01
27.76
26.74
27.00
19.81
39.66
2.13
58.03
11.76
13.75
16.51
27.60
7.62
41.97
22.96
10.93
27.70
54.72
9.14
27.58
84.18
35.54
21.80
4.57
11.33
49.77
37.21
22.00
