168.00
141.79
120.88
85.84
85.05
32.12
44.65
37.13
12.50
30.72
67.43
17.43
22.46
28.53
15.75
8.38
45.03
7.03
31.67
9.90
19.50
38.98
22.13
14.40
21.81
23.51
29.90
31.49
25.40
10.27
37.04
22.41
47.53
31.92
15.00
32.32
23.15
26.12
2.10
63.48
8.27
19.58
48.23
32.52
38.81
14.25
1.66
21.29
22.75
26.70
9.25
23.01
34.89
28.91
31.16
35.44
30.81
24.88
24.81
30.32
40.80
24.17
21.84
42.96
40.94
28.87
35.24
27.16
42.48
13.55
11.49
10.78
39.45
29.62
10.48
11.18
22.24
54.75
48.42
16.51
41.35
39.21
39.59
89.29
26.44
12.33
15.84
27.21
37.31
31.19
27.64
19.16
13.14
41.36
14.88
17.28
25.59
33.08
20.06
32.05
20.16
57.74
20.64
25.61
11.88
30.81
13.70
26.71
16.42
41.28
44.62
22.17
27.12
9.76
55.62
52.76
22.43
17.93
22.82
11.71
30.17
20.01
16.10
41.92
16.95
19.88
34.77
47.38
43.71
19.52
32.27
17.29
18.56
18.58
30.00
33.30
26.06
12.60
18.10
27.55
10.55
32.81
38.48
24.27
47.94
5.58
30.52
33.39
20.29
35.57
35.72
25.57
32.88
48.17
7.61
12.10
31.07
34.39
37.48
38.69
66.57
23.18
11.41
22.34
11.74
20.55
12.35
21.60
21.42
31.83
35.87
48.84
15.27
36.28
24.88
46.00
45.61
2.85
51.67
26.59
25.69
36.04
27.88
48.14
42.67
51.06
8.37
22.41
10.84
6.77
48.04
1.64
0.07
29.41
31.26
9.51
6.05
26.41
38.96
8.22
24.39
31.67
27.59
35.06
21.18
25.34
71.49
22.74
27.73
12.39
8.40
19.34
13.28
35.56
33.21
28.00
19.60
14.04
9.01
14.07
24.69
36.24
16.20
37.55
9.46
46.40
12.73
16.90
21.68
27.60
8.41
9.46
18.25
45.90
17.60
25.68
20.65
21.23
6.45
27.92
23.64
24.06
25.07
33.18
17.57
5.52
21.49
31.43
26.42
38.42
36.94
13.25
57.02
19.48
23.85
32.56
30.59
14.97
40.07
36.29
17.13
22.34
15.38
10.71
15.39
37.04
36.12
22.62
20.37
30.77
21.72
34.89
28.36
54.90
18.42
35.30
53.40
34.69
27.88
13.40
26.09
35.18
26.79
33.88
30.58
14.55
18.20
8.89
54.82
5.56
47.12
32.98
26.49
21.29
35.04
3.29
13.74
3.33
24.93
45.72
17.08
6.70
51.44
20.02
45.92
61.30
10.26
18.77
30.21
27.37
15.67
35.40
48.69
37.73
20.68
26.24
15.25
51.46
10.76
29.49
54.31
10.58
14.85
12.17
42.93
57.37
27.05
37.93
31.54
22.56
33.68
18.77
39.84
22.60
20.24
31.36
45.43
11.82
13.28
41.25
21.66
16.69
4.67
43.00
50.25
25.54
33.01
43.69
37.85
19.80
17.35
24.38
23.38
12.22
11.98
64.34
30.46
21.98
18.47
18.04
32.02
27.84
10.44
31.53
34.54
22.47
15.41
8.88
37.67
15.05
9.57
19.04
15.50
24.45
11.71
21.74
19.34
27.25
21.27
54.53
19.60
22.29
41.62
4.97
9.45
3.15
35.36
37.06
12.79
15.53
41.27
49.72
33.06
25.38
10.24
16.35
6.55
35.94
27.55
6.74
23.98
17.28
13.97
44.87
53.58
37.49
26.21
48.40
27.80
23.40
25.75
28.66
13.74
36.01
15.38
15.83
24.18
40.47
31.54
27.14
31.56
15.98
18.04
6.02
7.79
15.77
29.23
35.69
29.69
28.79
31.41
31.95
19.09
39.68
22.16
27.82
30.70
41.82
27.55
15.58
22.98
33.15
18.68
14.07
25.54
25.76
46.50
28.76
11.93
30.62
46.20
40.01
14.08
26.81
63.66
20.49
23.22
29.41
43.11
1.44
74.60
18.71
43.07
16.33
7.59
41.32
16.05
14.88
23.58
35.00
13.75
24.79
27.26
10.84
36.22
35.20
35.10
19.48
41.07
9.78
52.58
29.36
9.69
42.45
47.20
16.84
19.55
17.30
21.50
30.72
50.81
9.83
48.54
6.85
19.43
13.12
31.33
12.97
35.17
16.44
5.67
9.88
37.26
26.90
42.64
61.12
16.02
40.96
16.66
7.31
39.73
39.99
12.00
